
5	5	10	49	72	73	92	93	96	99	102	108	111	129	129	129	149	152	155	167	184	189	198	215	222	241	264	270	272	275	284	288	292	295	311	312	313	314	316	320	365	382	398	400	406	408	422	424	425	432	440	454	462	474	500	511	517	522	546	553	555	571	572	598	602	614	616	618	631	631	640	661	672	672	673	684	685	689	689	691	695	701	701	704	708	710	711	714	717	728	734	743	747	747	749	751	767	769	798	801	813	817	818	828	829	833	833	840	861	865	871	882	905	914	936	945	959	963	974	0	10	17	24	24	25	26	29	30	37	38	44	45	49	54	55	57	62	64	68	71	75	78	78	93	94	95	96	102	105	106	112	116	122	123	123	123	124	131	134	134	135	137	140	144	156	159	165	180	183	189	190	190	194	196	197	198	199	202	203	206	207	215	220	225	225	227	227	233	237	237	250	250	254	257	257	257	259	262	264	266	266	267	267	276	277	279	284	286	286	290	291	292	312	319	320	328	328	329	331	333	334	339	339	340	351	357	357	360	362	364	364	366	367	368	372	379	381	387	391	392	396	403	404	405	447	454	460	463	463	466	467	470	480	488	490	491	491	501	507	509	512	514	514	517	526	529	530	534	541	543	549	553	556	560	560	562	566	571	572	589	594	596	601	604	613	618	622	636	638	644	645	655	657	664	666	670	671	671	686	692	695	695	697	697	700	700	709	710	715	722	723	726	731	738	743	744	751	766	774	776	781	784	785	787	790	793	795	797	801	806	806	817	819	821	829	835	837	838	839	840	840	845	849	849	850	851	851	852	854	858	858	859	863	869	873	880	881	882	894	895	900	900	902	902	903	913	916	918	918	920	922	924	930	931	931	944	945	951	954	954	955	956	959	968	969	973	975	984	986	986	987	987	991	993	995	997	997	997	998	998	
0	5	5	10	10	17	24	24	25	26	29	30	37	38	44	45	49	49	54	55	57	62	64	68	71	72	73	75	78	78	92	93	93	94	95	96	96	99	102	102	105	106	108	111	112	116	122	123	123	123	124	129	129	129	131	134	134	135	137	140	144	149	152	155	156	159	165	167	180	183	184	189	189	190	190	194	196	197	198	198	199	202	203	206	207	215	215	220	222	225	225	227	227	233	237	237	241	250	250	254	257	257	257	259	262	264	264	266	266	267	267	270	272	275	276	277	279	284	284	286	286	288	290	291	292	292	295	311	312	312	313	314	316	319	320	320	328	328	329	331	333	334	339	339	340	351	357	357	360	362	364	364	365	366	367	368	372	379	381	382	387	391	392	396	398	400	403	404	405	406	408	422	424	425	432	440	447	454	454	460	462	463	463	466	467	470	474	480	488	490	491	491	500	501	507	509	511	512	514	514	517	517	522	526	529	530	534	541	543	546	549	553	553	555	556	560	560	562	566	571	571	572	572	589	594	596	598	601	602	604	613	614	616	618	618	622	631	631	636	638	640	644	645	655	657	661	664	666	670	671	671	672	672	673	684	685	686	689	689	691	692	695	695	695	697	697	700	700	701	701	704	708	709	710	710	711	714	715	717	722	723	726	728	731	734	738	743	743	744	747	747	749	751	751	766	767	769	774	776	781	784	785	787	790	793	795	797	798	801	801	806	806	813	817	817	818	819	821	828	829	829	833	833	835	837	838	839	840	840	840	845	849	849	850	851	851	852	854	858	858	859	861	863	865	869	871	873	880	881	882	882	894	895	900	900	902	902	903	905	913	914	916	918	918	920	922	924	930	931	931	936	944	945	945	951	954	954	955	956	959	959	963	968	969	973	974	975	984	986	986	987	987	991	993	995	997	997	997	998	998	
0
10
30
40
70
15
98
6
20
10
45
30
40
60
70
Program ended with exit code: 0
